[342, 720, -795]
[804, -250, -980]
[255, 954, -543]
[-749, 651, 503]
[-347, 358, 796]
[98, -135, 957]
[427, -412, 16]
[576, 369, -508]
[-480, 923, -55]
[197, -529, -311]
[327, 397, 196]
[98, -276, -534]
[916, 298, -771]
[709, 570, -518]
[753, -225, -56]
[642, -423, -338]
[-523, 960, -720]
[-317, -794, 43]
[533, -270, 537]
[-669, -91, -92]
[-246, 321, -248]
[-531, 72, 878]
[244, -732, -876]
[-478, -241, -934]
[966, 65, -439]
[-697, 527, 29]
[886, -657, 595]
[-873, 3, 124]
[800, 123, -640]
[165, -383, 568]
[-784, 737, 413]
[-354, 19, 768]
[-281, 738, -889]
[-584, 189, 933]
[828, 696, -705]
[703, 421, -488]
[948, -860, 452]
[-194, 679, -266]
[-199, -458, 630]
[481, -906, -983]
[196, -54, -716]
[-529, 406, -123]
[1000, -753, 300]
[-818, -362, -699]
[640, 252, -806]
[-777, 530, 247]
[-403, 877, -667]
[-411, -215, -36]
[814, -925, -789]
[-1000, 282, 761]
----------
solution state fitness: 4080
no. visited states: 5673
