[342, 247, 568]
[954, 720, -749]
[651, -347, 804]
[-250, 255, 630]
[-640, -36, 358]
[98, -412, 957]
[427, -135, 16]
[576, 369, -508]
[-480, 923, -55]
[197, -529, -311]
[-423, 327, 397]
[916, -276, -534]
[98, 570, 298]
[933, 768, -705]
[196, 753, -56]
[-225, 642, 709]
[-523, 960, -720]
[-317, -794, 43]
[533, -270, 537]
[-669, -91, -92]
[-246, 321, -248]
[-531, 72, 878]
[244, -732, -876]
[-478, -241, -934]
[966, 65, -439]
[-697, 527, 29]
[886, -657, -518]
[800, -873, 3]
[-771, 503, 123]
[165, -383, -980]
[-784, 737, 413]
[-354, 19, 595]
[-281, 738, -889]
[828, 452, -338]
[189, 124, 696]
[-584, 421, 703]
[948, -860, 796]
[-194, 679, -266]
[-199, -458, -543]
[481, -906, -983]
[196, -54, -716]
[-529, 406, -123]
[1000, -753, -806]
[300, -362, -699]
[-818, 640, 252]
[-795, -777, 530]
[-403, 877, -667]
[-411, -215, -488]
[814, -925, -789]
[-1000, 282, 761]
----------
solution state fitness: 3843
no. visited states: 34844
