[342, 247, 720]
[568, 804, -250]
[255, 954, 630]
[-640, -749, 651]
[-347, -36, 358]
[98, -135, 957]
[427, -412, 16]
[576, 369, -508]
[-480, 923, -55]
[197, -529, -311]
[-423, 327, 397]
[98, -276, -534]
[916, -705, 298]
[768, 709, 570]
[753, -225, -56]
[642, 933, 196]
[-523, 960, -720]
[-317, -794, 43]
[533, -270, 537]
[-669, -91, -92]
[-246, 321, -248]
[-531, 72, 878]
[244, -732, -876]
[-478, -241, -934]
[966, 65, -439]
[-697, 527, 29]
[886, -657, -518]
[-771, -873, 3]
[800, 503, 123]
[165, -383, -980]
[-784, 737, 413]
[-354, 19, 595]
[-281, 738, -889]
[-584, 189, -338]
[828, 124, 696]
[703, 421, 796]
[948, -860, 452]
[-194, 679, -266]
[-199, -458, -543]
[481, -906, -983]
[196, -54, -716]
[-529, 406, -123]
[1000, -753, -806]
[-818, -362, -699]
[300, 640, 252]
[-795, -777, 530]
[-403, 877, -667]
[-411, -215, -488]
[814, -925, -789]
[-1000, 282, 761]
----------
initial state fitness: 2953
